1552508981745466
1003576024
620574151432508
619532944
255711589
1122393214498566
268477351
256900583
355177307
279068053
675208290
1031122521
269913256
1034487637
263796842
242102314
379436342
1384015685195390
33078620
831428674
1628718827341655
1031211455
401123330
447343404
1030695560
198746410299479
197285710918134
942649905843459
1018257871
24071
483609382091911
256964989
256964989
820901606
1825262381119251
253753013
1763112990592370
2096630127320591
101505447395081
751468813
454033938261165
392304181156195
630092055
124138881637001
212120309332391
594799706
594799706
1715875092018328
27940323
263751376
171821142968851
257701004
689104690
127149358
110482695646099
2624368514255766
1063267547072605
733155196772690
1653029634974006
251314857
502117372
295225386
871984419577025
258157870
1015239541
738085435
242914657
1031501823
317964148586816
764224777
677423349
102501382518017
266041080764047
107905113957530
211410136442018
1695699634040046
443224549538714
1028521800
139537286092102
372509306
581033689
628407524195027
611258312
115413541807868
390284345
254995048
243380221
140702519809817
368382800
1904182449841949
668944823148372
106930173
705429063
1963450210550012
721700694
1034777515
227747011
370111130
1022027073
1006826041
619433864776880
578797587
703619031
258942745
308336699819961
1020882406
238275018
277689021
1014660586
377743572626834
266906544
362705120
1024765768
101085208362604
707798443
994847630602882
112426002105236
1020004918
222731827
543241613
224269031294164
1028366387289595
829567531
763366484
289528808061082
834493506743286
586527290
219894379
1012206273
171821142968851
255035
477669539103346
43460333910, 10158995605798911
1029165327
386058148663792
646615675402660
258802155
530033947
1195795037111786
259034055
320187654
1188068931261324
1108238099278097
239297431
154699845077730
1015771020
528212634289061
201605779996827
219830118
110199056325582
142935252774199
271041957
171821142968851
140457549761368
300655320
877125239082196
271632156
266969757
1979100
336314136
247390322
251139904
664303930
265087352
183893175764268
648812
656917220994023
240568409939500
1007399824
1004517527
758377411168705
996666503734439
197045190661267
816840073
303621133810443
1702620973357040
24770478
318904651
254668843
530084710748500
1033191474
918929616
103171925002332
320448460
267049957
258004931030686
100107990138990
1938141722886281
338143623240242
646016212397574
1025856922
315446778
7293258
271761071
1031109324
154602025066995
352756241
723039134
247940304
761278870
862225804123690
307244421
342811868
586389222
1444940522391022
1702118450058065
569589029801518
466165316
323882428
1585846215029383
297728920773137
1686739194920851
1296864556996620
604939332907900
1018096701
1088079814561142
228242064406848
1618893218361276
341671566
252459878653472
892162750892547
875573382566352
495862117
288120394
350277245395721
314048232
447540016
238014121
278615453
218246578564555
470889187
339307520
511928159332993
644926395699921
583849848367238
242403288
793360806
1236576233041081
1031592042
587964638035162
551362495
1017919606
171821142968851
887976157
708862278
727896625
257631661
407075891
278770209
340352772716662
277483327
1458194521076053
650409956
1024621686
902239890
1710417999237406
111303977808993
229823291012991
269258152
711628938
701598358
191054408269265
329789320
1031496778
266293930
339671948
339671948
248136678
259101936
258570514
2159711084339427
266714781
795326225
267328803467044
118912552836798
202646883170039
288098991521480
230162936
278112614
1699020587033410
676691185869796
1602310576746450
258047817
358254895
865045583624185
1521320234640998
1087920181268228
259663925
579054408927134
88985170
545580185498278
1027060019
162709360457086
2044472522473364
1517502425140894
713184076
996844020524517
107940896607745
953076652
1030919448
1031720144
329093859
1024643711
790781351
1020768426
982959619
809530909
711391886
251226814
135653313957905
123685778288589
569605830
126768277468479
269878212
143929088984752
106062232758414
1389700737958394
16649
926313132
1003639900
839495789495709
115720155110090
254761351
1549630758664632
6994373
359519087
116567805665562
253780957
431429549
118888338744331
717817284984139
533465273427022
366082205
1705203983095299
224831854883116
1721950951173443
110227259032141
236567447
738273565
1728569997423628
861511992
618817082
568885705
498290656955693
1266575933370872
508240622906766
596563433745023
133273616
1221231357909922
1798499010381616
2134015986618774
1142342719163320
191611008146721
1712914888968376
324007125
213441188821612
1027561402
1019415609
1010420625660103
1010420625660103
988114814629998
2559405
389528223
272081393
1447110122174320
987725401305150
1012865646
1508411872789129
501610360
288014300
1720743168053996
1026480089
1564442653863923
579102693
929115487
485972798264243
1740487712832543
971551844
484528932039240
266736774
468551169916363
1766162953504502
213177580
444298778
256969914
707849470
258015971
255035
215205469
31821493
475326242853380
254965473
1016174744
371229909
245532516
1155946384571996
116092965082496
352665766
259679334
593696557
994722339
1031248741
358174143
265630891
367580510017388
1032355054
1067145853359595
784033488
559941955
516295827
643795365761826
475407725985427
235405703
1511035882560235
663070717138076
517353146
1574000389277810
258782422
1386840748291401
199363420431406
1024546751
499860002
426399545
316395051
255561332
1454322791446210
297525065
953438663
1595724460470966
219341868
256900583
271357594
645795143
896415983871158
1387092941379521
395548997
1012281600
1965332816828163
976236347
365314152
1031219119
388833165
712728427
420307781337369
289884917
976217952436752
1793192127576399
1793192127576399
622323742
774047612732056
201093210623447
453795528404932
1004046988
1605188919747557
389344574500727
1631596430410097
2011771882221770
1031679990
1425631644412608
308543773
1545967722375384
2799720070044258
372923333
1033058798
1032038600
234782425
1249524028435708
329012335
493181667547956
770714481
229770000
311798584
257293212
1618893218361276
217518500
367111716
373958816010337
200168070345671
1030561845
392025106
455644021308441
551152389
491577527649199
165601314078535
296868046
976621715787221
1030594314
1035385551
1026229918
629968720495950
112544815958011
321406528
1618893218361276
1618893218361276
283366915
123015568564816
1392902347507762
113828559
2100002633593177
168902253668854
1089100531156956
893998750717687
278526872501179
438268812
1033927321
1033927321
234279662
347734036
943630091
258928762
1618893218361276
298384592
169646727060345
1031765042
243983279
237510269
292324244978849
300221915
1112702262085588
565163600579777
228361414199710
480717148621885
256897231
640799318
1777343809184567
118379224918353
378637851
1474809065878667
263372733
519851161426091
854423605
264857774
213870306
255393569
590474888
749020200
1018262860
1013041455
348533857
796402074
1023773193
427876940
362543419
229872734
253606253
105224531195520
1031474735
287969787
13377531
117519771665160
277868349
854077747
218139552
270302733
517830428228362
288082982
264242963
25753675
249472291894252
367619679
1015520612
381876669
264884827
617810234897477
1996797400362375
859871054117891
251673798541426
257297467
537619309
1705862253035232
248671392180235
254918837
312218586013138
22629485
337554955
875420007
535241330
1031605020
395355917254781
250658735482304
248127562
901806906601570
253138450
1953389288222429
467757100013582
320382978811829
573279694
731535164
216604431
629980567
1030663561
289250980
271568449
1023892340
1018801828156548
721627998
1698636590213337
169161950417869
381418566
609818235861687
325679267
909861662
366358080
253336110
213866344
269913256
234890514
1968452576499793
1714461288771502
707723533
481281450
229152166
892162750892547
431429549
417083802055709
1088210984595686
212388022469554
1767310186882559
426986311
272071933
1772603242960817
943630091
466453198
1031625017
258916344448271
243380221
100107990138990
299956747
661572260604939
592011365
428273944
454721048297518
198379090740323
606882225
287183541470664
171821142968851
931722143
213411238856077
237812782
470850110
939126068
1821158634786439
1032467448
7221120
1506188969399538
274263499278209
501674155
411387385698283
950838266
517872304893508
721970427
152097198538447
604669436271632
733358306681849
1618893218361276
1671924336416138
356483146
524790199
248450113
507853719422387
213860082322909
1028712031
337770151
1119361618124868
251325722
1618893218361276
251314857
548903987
100348155832668
352025042
1032467448
1175570542580714
109120339113868
1008637155
2016, 4
257533268
750058861690920
988541977909421
1034766517
816096855435452
524790199
341355528
568205113
121036622101958
1401133170138350
243241122
216057503
1030698061
1744108192474842
243380221
1008134710
110227259032141
1036261533079276
583269900
705543841
1710417999237406
202646883170039
1651445
411164829256047
879026955
960658840719126
1015458053
1034843753
521441903
355010511
1017410268351044
336314136
313278626
1019451528
470889187
1014605033
549996311
710685045701805
414836135280686
1325712834199346
208317166032697
262493714
108387609189240
280277798983434
1216512431692902
1556151804688840
130933274392682
271953874
427877112
514870663
130953496956349
254761351
438913305
478753514
435129393205828
1530947247213255
1024160257
314099875285654
205145189543960
1029828935
1017850423
533377664
810735628940011
1002840468
279027062686812
148838995252687
323862154
352629006
271965179
991243552
1523461024546638
293774807416508
258651164
1018115508
662578464
235692473460009
377150916019544
537235709987791
155214184511566
248456771
448145052
948967035
103128406394535
408868765926387
171821142968851
119998012192046
511982839
1011869284
343204607
245532516
500187256
300646683
137437336334016
1714461288771502
447343404
1589916907973279
988413931242138
769671551
470086646423445
331616244
5820646
383455984
365950349
1025515085
240250357
258016161
117472198281420
346231252485493
296661415
474530776073945
129616794347088
4109950
171821142968851
333406866800397
2866872
315112853
3193637
271034140
255710594
708246726
893998750717687
247607009
27963
2410656839160880
258928762
438093321
1764233057132919
494374271071561
190490171327275
247111672
543126356
282525555
447017597
559724764
1010483790
259534037
101245226723350
263079287546785
321406528
269652404
848799841915278
256418890
1947279002210859
313857331
237894976
2915833
104536316246754
431960627184696
689427951
253907639
260078680
1272207242870261
1258608634167701
1028263638
1033191474
279068053
3497454
329986560
252216012
506053145
302021167
398809969
245875988
141346062950076
233802850327235
1458194521076053
588334977901766
234314730708585
430125458
737874080
547756580
750964725
1033768577
297553496
271067866
114670015273496
1458194521076053
104121795521146
636956874
197471937303902
551152389
399697143510019
1031122521
16618493
658378635128234
675208290
1024765768
853768188120089
758377411168705
88985170
575865379168339
1618893218361276
2208833505860795
219894379
219341868
594799706
271357594
774047612732056
468551169916363
199363420431406
1031679990
316395051
297525065
896415983871158
165784703433504
1004517527
426399545
1793192127576399
213441188821612
272081393
1720743168053996
1386840748291401
2559405
222731827
569589029801518
201605779996827
112426002105236
2559405
871984419577025
255035
1015245042
1798499010381616
499860002
229770000
1019415609
1142342719163320
1712914888968376
1027561402
288014300
929115487
988114814629998
618817082
528440887
389528223
495862117
268477351
289884917
1010420625660103
1266575933370872
1004046988
483609382091911
1015771020
265918531
263751376
365314152
1221231357909922
191611008146721
324007125
613252778832929
256900583
875573382566352
33078620
1020004918
407075891
2011771882221770
1585846215029383
431429549
543241613
297728920773137
1618893218361276
258782422
711391886
831428674
257631661
1702118450058065
259034055
727896625
1631596430410097
242856131
1031592042
569605830
301689623504456
256900583
220510124995396
103171925002332
206736466047163
1716081158674772
869813889807592
378641629299592
1014157230
294410598
680573545
693777242
825120227513117
1033073811
1031765042
1618893218361276
171869932862711
586344888452620
1996797400362375
537671823078571
283377452
253644711675745
280933599218243
348602293
2327437087526814
406844329
310660402366223
2166594330219283
229700265
537455365
1016604588
258671105
193257474911117
1028512716
252239168
221564033
171821142968851
591663324306476
271646981
291446190990287
234276083
254840364
238697516
213110205
507420629460292
257631661
239287514
1631596430410097
83498862
120385051306879
219473458940490
426440886
2044472522473364
705543841
521441903
1651445
960658840719126
1036261533079276
879026955
1015458053
583269900
355010511
1019451528
1034843753
191054408269265
352649304
987725401305150
607389572769316
1585846215029383
1720743168053996
272081393
1798499010381616
2559405
165784703433504
1702118450058065
528440887
220510124995396
395548997
535899560
879780024
2016, 4
470889187
1017410268351044
34246236
1618893218361276
658279763
658378635128234
774047612732056
112426002105236
265918531
115096128505063
218134418
100107990138990
243380221
349551478578289
543241613
943630091
383741362
269913256
63041334
107458559283635
1035385551
309793589856059
103171925002332
256179933
1035385551
1022845091
277693016
307366595
